4.500000 1.500000
4.499619 1.543631
4.498477 1.587249
4.496574 1.630840
4.493910 1.674391
4.490487 1.717889
4.486305 1.761321
4.481365 1.804673
4.475670 1.847933
4.469221 1.891086
4.462019 1.934120
4.454068 1.977022
4.445369 2.019779
4.435925 2.062378
4.425739 2.104805
4.414815 2.147048
4.403154 2.189093
4.390762 2.230929
4.377641 2.272542
4.363796 2.313920
4.349232 2.355050
4.333951 2.395920
4.317960 2.436516
4.301262 2.476828
4.283864 2.516842
4.265769 2.556546
4.246985 2.595928
4.227516 2.634976
4.207369 2.673679
4.186549 2.712024
4.165064 2.750000
4.142918 2.787595
4.120120 2.824798
4.096676 2.861598
4.072594 2.897982
4.047880 2.933941
4.022542 2.969463
3.996589 3.004538
3.970027 3.039154
3.942865 3.073301
3.915111 3.106969
3.886774 3.140148
3.857862 3.172827
3.828384 3.204996
3.798350 3.236646
3.767767 3.267767
3.736646 3.298350
3.704996 3.328384
3.672827 3.357862
3.640148 3.386774
3.606969 3.415111
3.573301 3.442865
3.539154 3.470027
3.504538 3.496589
3.469463 3.522542
3.433941 3.547880
3.397982 3.572594
3.361598 3.596676
3.324798 3.620120
3.287595 3.642918
3.250000 3.665064
3.212024 3.686549
3.173679 3.707369
3.134976 3.727516
3.095928 3.746985
3.056546 3.765769
3.016842 3.783864
2.976828 3.801262
2.936516 3.817960
2.895920 3.833951
2.855050 3.849232
2.813920 3.863796
2.772542 3.877641
2.730929 3.890762
2.689093 3.903154
2.647048 3.914815
2.604805 3.925739
2.562378 3.935925
2.519779 3.945369
2.477022 3.954068
2.434120 3.962019
2.391086 3.969221
2.347933 3.975670
2.304673 3.981365
2.261321 3.986305
2.217889 3.990487
2.174391 3.993910
2.130840 3.996574
2.087249 3.998477
2.043631 3.999619
2.000000 4.000000
1.956369 3.999619
1.912751 3.998477
1.869160 3.996574
1.825609 3.993910
1.782111 3.990487
1.738679 3.986305
1.695327 3.981365
1.652067 3.975670
1.608914 3.969221
1.565880 3.962019
1.522978 3.954068
1.480221 3.945369
1.437622 3.935925
1.395195 3.925739
1.352952 3.914815
1.310907 3.903154
1.269071 3.890762
1.227458 3.877641
1.186080 3.863796
1.144950 3.849232
1.104080 3.833951
1.063484 3.817960
1.023172 3.801262
0.983158 3.783864
0.943454 3.765769
0.904072 3.746985
0.865024 3.727516
0.826321 3.707369
0.787976 3.686549
0.750000 3.665064
0.712405 3.642918
0.675202 3.620120
0.638402 3.596676
0.602018 3.572594
0.566059 3.547880
0.530537 3.522542
0.495462 3.496589
0.460846 3.470027
0.426699 3.442865
0.393031 3.415111
0.359852 3.386774
0.327173 3.357862
0.295004 3.328384
0.263354 3.298350
0.232233 3.267767
0.201650 3.236646
0.171616 3.204996
0.142138 3.172827
0.113226 3.140148
0.084889 3.106969
0.057135 3.073301
0.029973 3.039154
0.003411 3.004538
-0.022542 2.969463
-0.047880 2.933941
-0.072594 2.897982
-0.096676 2.861598
-0.120120 2.824798
-0.142918 2.787595
-0.165064 2.750000
-0.186549 2.712024
-0.207369 2.673679
-0.227516 2.634976
-0.246985 2.595928
-0.265769 2.556546
-0.283864 2.516842
-0.301262 2.476828
-0.317960 2.436516
-0.333951 2.395920
-0.349232 2.355050
-0.363796 2.313920
-0.377641 2.272542
-0.390762 2.230929
-0.403154 2.189093
-0.414815 2.147048
-0.425739 2.104805
-0.435925 2.062378
-0.445369 2.019779
-0.454068 1.977022
-0.462019 1.934120
-0.469221 1.891086
-0.475670 1.847933
-0.481365 1.804673
-0.486305 1.761321
-0.490487 1.717889
-0.493910 1.674391
-0.496574 1.630840
-0.498477 1.587249
-0.499619 1.543631
-0.500000 1.500000
-0.499619 1.456369
-0.498477 1.412751
-0.496574 1.369160
-0.493910 1.325609
-0.490487 1.282111
-0.486305 1.238679
-0.481365 1.195327
-0.475670 1.152067
-0.469221 1.108914
-0.462019 1.065880
-0.454068 1.022978
-0.445369 0.980221
-0.435925 0.937622
-0.425739 0.895195
-0.414815 0.852952
-0.403154 0.810907
-0.390762 0.769071
-0.377641 0.727458
-0.363796 0.686080
-0.349232 0.644950
-0.333951 0.604080
-0.317960 0.563484
-0.301262 0.523172
-0.283864 0.483158
-0.265769 0.443454
-0.246985 0.404072
-0.227516 0.365024
-0.207369 0.326321
-0.186549 0.287976
-0.165064 0.250000
-0.142918 0.212405
-0.120120 0.175202
-0.096676 0.138402
-0.072594 0.102018
-0.047880 0.066059
-0.022542 0.030537
0.003411 -0.004538
0.029973 -0.039154
0.057135 -0.073301
0.084889 -0.106969
0.113226 -0.140148
0.142138 -0.172827
0.171616 -0.204996
0.201650 -0.236646
0.232233 -0.267767
0.263354 -0.298350
0.295004 -0.328384
0.327173 -0.357862
0.359852 -0.386774
0.393031 -0.415111
0.426699 -0.442865
0.460846 -0.470027
0.495462 -0.496589
0.530537 -0.522542
0.566059 -0.547880
0.602018 -0.572594
0.638402 -0.596676
0.675202 -0.620120
0.712405 -0.642918
0.750000 -0.665064
0.787976 -0.686549
0.826321 -0.707369
0.865024 -0.727516
0.904072 -0.746985
0.943454 -0.765769
0.983158 -0.783864
1.023172 -0.801262
1.063484 -0.817960
1.104080 -0.833951
1.144950 -0.849232
1.186080 -0.863796
1.227458 -0.877641
1.269071 -0.890762
1.310907 -0.903154
1.352952 -0.914815
1.395195 -0.925739
1.437622 -0.935925
1.480221 -0.945369
1.522978 -0.954068
1.565880 -0.962019
1.608914 -0.969221
1.652067 -0.975670
1.695327 -0.981365
1.738679 -0.986305
1.782111 -0.990487
1.825609 -0.993910
1.869160 -0.996574
1.912751 -0.998477
1.956369 -0.999619
2.000000 -1.000000
2.043631 -0.999619
2.087249 -0.998477
2.130840 -0.996574
2.174391 -0.993910
2.217889 -0.990487
2.261321 -0.986305
2.304673 -0.981365
2.347933 -0.975670
2.391086 -0.969221
2.434120 -0.962019
2.477022 -0.954068
2.519779 -0.945369
2.562378 -0.935925
2.604805 -0.925739
2.647048 -0.914815
2.689093 -0.903154
2.730929 -0.890762
2.772542 -0.877641
2.813920 -0.863796
2.855050 -0.849232
2.895920 -0.833951
2.936516 -0.817960
2.976828 -0.801262
3.016842 -0.783864
3.056546 -0.765769
3.095928 -0.746985
3.134976 -0.727516
3.173679 -0.707369
3.212024 -0.686549
3.250000 -0.665064
3.287595 -0.642918
3.324798 -0.620120
3.361598 -0.596676
3.397982 -0.572594
3.433941 -0.547880
3.469463 -0.522542
3.504538 -0.496589
3.539154 -0.470027
3.573301 -0.442865
3.606969 -0.415111
3.640148 -0.386774
3.672827 -0.357862
3.704996 -0.328384
3.736646 -0.298350
3.767767 -0.267767
3.798350 -0.236646
3.828384 -0.204996
3.857862 -0.172827
3.886774 -0.140148
3.915111 -0.106969
3.942865 -0.073301
3.970027 -0.039154
3.996589 -0.004538
4.022542 0.030537
4.047880 0.066059
4.072594 0.102018
4.096676 0.138402
4.120120 0.175202
4.142918 0.212405
4.165064 0.250000
4.186549 0.287976
4.207369 0.326321
4.227516 0.365024
4.246985 0.404072
4.265769 0.443454
4.283864 0.483158
4.301262 0.523172
4.317960 0.563484
4.333951 0.604080
4.349232 0.644950
4.363796 0.686080
4.377641 0.727458
4.390762 0.769071
4.403154 0.810907
4.414815 0.852952
4.425739 0.895195
4.435925 0.937622
4.445369 0.980221
4.454068 1.022978
4.462019 1.065880
4.469221 1.108914
4.475670 1.152067
4.481365 1.195327
4.486305 1.238679
4.490487 1.282111
4.493910 1.325609
4.496574 1.369160
4.498477 1.412751
4.499619 1.456369
4.500000 1.500000
