100
-157.65380
-218.57299
-305.43823
-431.67114
435.53466
162.52441
-400.43334
-56.45141
381.26220
-516.48559
305.31005
142.01660
-114.67895
406.87866
423.94409
224.41406
-160.32714
-299.52392
-505.88378
481.89697
-89.26391
305.69458
14.28222
527.32543
91.29638
-369.06738
25.98266
-75.36621
564.64233
339.33105
337.04223
256.07299
-126.78222
-350.64697
-156.31713
-273.81591
-555.56030
-332.48291
-467.54150
478.67431
-167.63305
-420.19042
-479.91943
-255.56030
-164.52026
-553.63769
20.69091
525.45776
-6.82983
-384.37500
345.95947
-531.68334
-264.99023
243.12744
390.60058
-342.00439
-137.32910
-261.09008
501.50756
-203.83300
-318.25561
-105.39550
489.09301
168.76831
-48.81591
358.35571
219.78149
551.07421
448.68164
-451.68457
337.88452
271.61865
217.65747
-69.79980
586.98120
348.24829
190.83251
459.15527
-309.22851
-357.49511
-16.64428
106.29272
-53.44848
312.48779
201.70898
292.41943
84.66796
-524.39575
-157.32421
-84.85107
134.23461
98.95019
-392.99926
547.85156
506.35986
515.47851
-547.30224
203.21044
-404.31518
-145.95336
