100
98.98376
17.99621
2.02026
30.70068
99.57885
33.56018
10.28747
10.12878
36.88659
30.01708
3.64990
18.12438
70.36437
90.10620
71.36230
7.41271
1.57775
19.08264
45.77636
79.07714
64.64843
70.96862
29.33349
80.52978
46.29516
89.27307
86.36474
45.83740
6.88781
6.21643
29.01306
10.61401
23.98986
56.19201
21.16394
94.84252
31.28662
6.68945
69.59533
32.77893
40.99121
93.50280
75.16784
46.60949
3.87573
25.92773
4.66918
8.81652
92.24548
68.50585
50.17089
89.77355
51.91345
39.47143
.93994
77.95410
55.92956
40.56091
17.52014
58.90197
36.70959
81.13098
6.38122
23.95935
2.17590
86.88049
45.34912
60.32714
39.06555
70.75500
2.25830
29.23278
7.04956
59.96704
39.49890
83.85620
97.97668
3.23181
62.78991
71.34704
27.98767
88.48571
33.24279
96.93908
56.96411
39.41345
70.98999
67.22412
27.12707
62.35961
5.75561
26.31530
91.03698
49.16992
95.48339
85.67810
91.09191
35.17761
85.90087
89.34936
